312
0 0
1 1
3 3
4 4
5 5
6 6
7 7
8 8
9 9
10 10
153 124
154 125
155 126
156 127
157 128
158 129
159 130
160 131
161 132
162 133
163 134
164 135
165 136
166 137
167 138
168 139
169 140
170 141
171 142
172 143
173 144
174 145
175 146
4 5
176 147
177 148
178 149
179 150
180 151
181 152
182 153
183 154
184 155
185 156
186 157
187 158
188 159
189 160
190 161
191 162
192 163
193 164
194 165
195 166
196 167
197 168
198 169
199 170
200 171
201 172
202 173
203 174
204 175
205 176
206 177
207 178
208 179
209 180
210 181
211 182
212 183
213 184
214 185
215 186
216 187
217 188
218 189
219 190
220 191
221 192
222 193
223 194
224 195
225 196
226 197
227 198
228 199
229 200
230 201
231 202
232 203
233 204
234 205
235 206
236 207
237 208
238 209
239 210
240 211
241 212
242 213
243 214
244 215
245 216
246 217
247 218
248 219
249 220
250 221
251 222
252 223
253 224
254 225
255 226
256 227
257 228
258 229
259 230
260 231
261 232
262 233
263 234
264 235
265 236
266 237
267 238
268 239
269 240
270 241
271 242
272 243
273 244
274 245
275 246
276 247
277 248
278 249
279 250
280 251
281 252
282 253
283 254
284 255
285 256
286 257
287 258
288 259
289 260
290 261
291 262
292 263
293 264
294 265
295 266
296 267
297 268
298 269
299 270
300 271
301 272
302 273
303 274
304 275
305 276
306 277
307 278
308 279
309 280
310 281
311 282
312 283
313 284
314 285
315 286
316 287
317 288
318 289
319 290
320 291
321 292
322 293
323 294
324 295
325 296
326 297
327 298
328 299
329 300
330 301
331 302
332 303
333 304
334 305
335 306
336 307
337 308
338 309
339 310
340 311
341 312
342 313
343 314
344 315
345 316
346 317
347 318
348 319
349 320
350 321
351 322
352 323
353 324
354 325
355 326
356 327
357 328
358 329
359 330
360 331
361 332
362 333
363 334
364 335
365 336
366 337
367 338
368 339
369 340
370 341
371 342
372 343
373 344
374 345
375 346
376 347
377 348
378 349
379 350
380 351
381 352
382 353
383 354
384 355
385 356
386 357
387 358
388 359
389 360
390 361
391 362
392 363
393 364
394 365
395 366
396 367
397 368
398 369
399 370
400 371
401 372
402 373
403 374
404 375
405 376
406 377
407 378
408 379
409 380
410 381
411 382
412 383
413 384
414 385
415 386
416 387
417 388
418 389
419 390
420 391
421 392
422 393
423 394
424 395
425 396
426 397
427 398
428 399
429 400
430 401
431 402
432 403
433 404
434 405
435 406
436 407
437 408
438 409
439 410
440 411
441 412
442 413
443 414
444 415
445 416
446 417
447 418
448 419
449 420
450 421
451 422
452 423
453 424
